123101196001015001
123101196001015002
123101196001015003
123101196001015004
123101196001015005
123101196001015006
123101196001015007
123101196001015008
123101196001015009
123101196001015010
123101196001015011
123101196001015012
123101196001015013
123101196001015014
123101196001015015
123101196001015016
123101196001015017
123101196001015018
123101196001015019
123101196001015020
123101196001015021
123101196001015022
123101196001015023
123101196001015024
123101196001015025
123101196001015026
123101196001015027
123101196001015028
123101196001015029
123101196001015030
123101196001015031
123101196001015032
123101196001015033
123101196001015034
123101196001015035
123101196001015036
123101196001015037
123101196001015038
123101196001015039
123101196001015040
123101196001015041
123101196001015042
123101196001015043
123101196001015044
123101196001015045
123101196001015046
123101196001015047
123101196001015048
123101196001015049
123101196001015050
123101196001015051
123101196001015052
123101196001015053
123101196001015054
123101196001015055
123101196001015056
123101196001015057
123101196001015058
123101196001015059
123101196001015060
123101196001015061
123101196001015062
123101196001015063
123101196001015064
123101196001015065
123101196001015066
123101196001015067
123101196001015068
123101196001015069
123101196001015070
123101196001015071
123101196001015072
123101196001015073
123101196001015074
123101196001015075
123101196001015076
123101196001015077
123101196001015078
123101196001015079
123101196001015080
123101196001015081
123101196001015082
123101196001015083
123101196001015084
123101196001015085
123101196001015086
123101196001015087
123101196001015088
123101196001015089
123101196001015090
123101196001015091
123101196001015092
123101196001015093
123101196001015094
123101196001015095
123101196001015096
123101196001015097
123101196001015098
123101196001015099
123101196001015100
